801
124 67 379493
101 65 357709
19 189 720781
113 12 270752
110 30 685825
19 21 896571
134 88 131816
75 108 232390
41 56 809953
86 185 49914
44 64 694352
156 162 297233
50 153 161813
178 179 133190
17 26 582561
119 48 41630
27 55 394129
170 28 358536
34 33 958871
58 153 458425
126 121 396400
120 176 210956
86 180 619631
42 165 275822
127 128 433264
143 164 588556
34 138 452200
15 147 452367
55 184 593653
126 51 179062
18 159 825990
32 40 609546
35 167 648363
28 132 934368
155 100 232054
124 6 615618
159 127 319384
107 24 976073
22 131 67575
149 98 490302
3 29 973800
52 94 884571
121 124 745957
139 44 310458
95 121 71419
94 182 551518
80 35 704906
12 103 622166
166 74 985890
5 147 310179
5 100 387622
91 88 355272
145 156 641850
51 104 536665
182 34 506292
130 36 184402
183 117 4435
24 98 829080
101 8 556517
93 147 90644
39 188 184067
22 95 597893
193 199 29407
184 18 661360
181 90 876102
109 92 395980
196 98 898177
181 158 635214
188 184 573087
139 64 519327
107 12 39879
5 94 309669
33 148 109198
48 173 286062
132 81 848600
2 48 559364
119 36 94373
179 48 221742
162 195 798715
145 48 832777
98 145 636087
165 165 358421
167 88 975813
150 23 290131
105 63 461775
28 181 180602
13 169 700506
58 178 236961
70 118 985480
80 91 228464
119 44 95375
79 5 250634
80 45 564042
78 178 795649
82 16 517592
30 196 233706
180 138 180209
30 124 135254
87 176 579356
107 119 499903
123 195 498044
82 79 618092
80 43 689380
200 68 934465
161 154 461492
156 62 809646
169 78 807828
33 141 655571
163 52 800862
44 108 810826
88 61 680782
76 82 284673
199 77 557108
167 19 195078
107 47 532617
189 104 87980
58 99 714948
30 4 232844
143 43 64078
103 45 635858
9 25 997184
194 142 331138
179 134 65967
51 95 556343
151 123 620395
177 89 263897
25 192 719871
3 8 335060
70 179 569387
159 115 437361
106 58 943605
134 34 153477
121 44 42140
116 123 557101
86 53 427566
163 31 90462
189 148 928440
41 169 326406
39 154 116196
101 8 198121
83 34 209772
192 154 788079
55 25 801691
114 26 36812
37 132 296265
176 178 543372
196 2 343478
70 183 266870
199 165 981630
104 8 451420
66 106 259241
50 155 948274
43 130 145985
153 130 997129
7 39 807956
120 18 933690
149 184 727400
53 41 813452
115 25 149103
104 137 48022
147 96 414322
177 78 816766
126 196 635254
72 55 146310
163 106 839030
168 93 29811
151 117 382456
144 142 646664
120 94 165893
142 86 916823
139 198 520030
79 51 978486
7 58 611819
154 121 56830
45 61 800360
137 127 932280
11 135 62711
66 15 158388
52 146 934622
142 71 759087
193 86 120977
167 115 534999
130 150 162930
78 115 601220
79 90 116664
60 126 285342
151 171 812298
7 111 831077
177 159 630138
168 98 665403
84 2 614099
130 129 44521
162 73 71959
102 63 635793
197 167 902078
189 64 781312
141 154 374240
122 199 715192
137 119 363878
31 102 728423
157 155 727322
98 90 535194
65 76 85291
36 56 204984
80 143 712248
80 134 161917
53 4 237401
20 165 682877
19 187 821377
108 6 951426
158 95 488152
61 81 329862
84 81 621567
109 42 875390
69 21 477415
188 11 724151
28 163 638375
198 103 35816
161 20 348710
85 94 98398
142 74 779511
66 160 176748
28 78 687502
96 122 317316
155 181 85274
6 151 148862
144 75 483168
71 163 158866
185 174 522624
52 120 762501
44 29 445592
193 7 369368
36 191 207869
97 172 274079
3 93 245550
190 33 539086
26 61 972612
170 93 359136
196 95 301285
22 48 306250
94 53 138921
108 28 136917
20 118 192730
8 18 780076
14 195 517251
167 60 702179
119 199 564242
23 45 756344
26 125 300409
49 33 403701
29 158 233012
194 155 557751
177 36 674729
19 151 906287
98 194 819447
113 104 151221
54 147 528131
14 63 567687
119 174 785964
11 148 990156
84 134 117079
103 12 577145
72 67 350725
77 162 551579
170 175 89264
125 153 488642
69 66 829176
157 9 350320
112 182 491322
54 96 958520
108 36 120282
55 14 349833
128 122 527928
84 167 402251
117 89 769894
16 112 325121
129 60 695585
9 17 611639
90 35 616988
86 112 506222
149 6 707225
11 150 530482
89 143 362376
10 199 890235
102 121 530172
153 68 864006
125 39 528550
169 175 500631
126 59 381712
36 145 487020
4 108 67788
197 56 520440
6 147 341835
106 62 410115
50 200 901197
24 155 479462
83 187 364006
10 10 170307
121 181 726733
22 190 150322
169 27 198092
168 176 687808
65 9 545433
75 170 624105
190 43 172867
131 100 44201
27 192 568246
41 75 227872
151 198 798070
161 45 610860
174 68 450617
149 154 35345
4 150 249210
200 159 827364
16 26 967119
52 188 98675
35 14 14481
80 152 107029
3 91 925489
191 10 690248
116 151 275567
55 68 638781
190 85 20782
57 161 172526
111 39 222377
186 15 816253
150 108 819064
115 178 273366
39 70 235831
108 31 268267
119 88 411581
24 99 71341
9 31 902285
142 48 726831
71 169 712212
27 136 817888
121 58 645207
154 148 120297
144 10 635921
2 90 732560
98 57 34359
103 130 865372
64 178 603632
121 109 417111
143 169 31092
111 81 877125
7 34 979720
96 89 765786
122 164 760021
143 110 72683
51 44 832747
84 11 788709
169 106 55300
176 184 52923
41 161 828423
122 140 189597
138 10 287763
68 40 759439
10 167 297836
136 153 193129
62 116 97249
159 25 921874
148 172 834886
197 92 258754
84 59 722125
185 187 477826
158 83 961230
196 169 922196
132 38 840828
95 73 241220
129 185 927633
61 143 358148
65 31 271313
143 19 47659
19 4 955396
113 141 300866
103 77 957731
71 155 321283
176 124 213729
25 111 326304
51 141 856882
12 83 810883
93 25 672716
65 30 131413
7 92 512219
24 1 733013
83 67 312764
1 178 901753
14 118 895160
69 64 37972
70 23 783382
8 99 13281
193 102 124988
27 143 37437
57 149 174193
128 36 346162
64 53 400124
50 93 969054
111 132 439644
137 171 742741
122 61 424946
86 162 643379
72 32 965615
53 97 840881
98 141 726408
111 172 909095
178 26 461667
178 133 112403
39 113 276337
22 67 49711
148 29 318247
112 83 517719
67 127 714965
47 126 538015
52 59 986154
31 115 282861
179 76 706401
74 62 850567
22 157 55658
176 120 773965
184 192 842016
65 77 159043
76 16 412276
110 133 815664
173 137 875994
149 151 697764
133 12 158423
54 190 864312
89 127 629126
12 123 738325
53 23 821563
48 21 294582
21 180 26100
1 164 180386
14 125 101475
36 153 43227
186 145 128020
26 53 507979
140 110 147031
92 118 390516
78 110 22090
85 107 708205
35 41 136131
14 125 598121
57 7 657798
25 175 320257
79 63 464474
113 131 362455
83 157 933491
127 110 362437
125 188 658388
200 10 335872
155 21 890433
25 142 882887
89 40 688053
192 139 471863
103 111 359141
142 46 213379
98 145 432738
193 72 648341
22 156 751322
11 170 383933
187 44 209548
193 119 382672
173 164 637428
48 112 517151
67 8 52184
151 179 671398
67 12 832958
170 77 428092
155 133 335899
189 40 614932
182 33 634085
32 92 595300
49 41 258845
117 165 808823
108 87 459997
17 17 702050
106 135 865345
139 38 36220
2 16 796800
29 152 84247
182 134 531367
9 138 196134
122 72 567576
159 180 892651
11 167 455138
190 112 384654
76 105 695781
177 126 730612
95 92 845352
138 131 895749
169 165 150402
10 12 840392
66 92 894906
81 45 921584
69 16 334472
190 164 897078
80 45 959039
42 41 851256
60 68 83143
61 17 466753
166 164 148583
197 47 526691
57 110 441427
128 189 283901
51 161 898891
126 103 926358
165 185 922756
103 29 737032
170 193 191542
94 53 368546
91 107 143184
121 120 279697
177 47 106247
67 177 963573
136 98 775484
45 60 374829
144 109 792268
58 153 248649
76 165 678811
113 92 507237
53 184 978609
42 169 521864
59 3 328837
38 89 114695
52 66 16850
171 68 956265
9 77 4067
153 190 594707
79 92 704812
66 65 598089
33 114 232694
64 18 654857
195 87 232667
93 91 146183
103 34 434220
95 149 7263
67 112 768426
33 3 972006
13 23 461217
176 16 309977
36 75 698273
96 148 374442
168 175 784616
199 8 976217
166 119 282702
193 174 686724
83 143 867154
123 64 366544
169 24 502558
61 136 483270
138 191 920086
193 61 263456
120 32 115063
17 33 108900
21 142 160512
47 154 937241
179 72 27251
158 62 907579
136 153 183171
39 194 878834
190 36 271017
194 172 32
141 136 399832
104 159 723938
28 86 323778
105 15 905108
113 170 894263
101 33 876600
162 31 951176
159 33 60611
130 80 545904
78 134 586316
56 110 501626
158 131 301425
92 190 455101
23 77 231505
159 12 789493
124 115 314115
197 7 925113
118 130 87281
92 82 83509
100 67 966822
68 93 982553
17 197 516272
170 34 256976
76 137 973835
150 20 634893
106 45 193824
187 183 209157
66 48 534267
139 76 867179
109 155 990814
64 130 872215
2 54 608219
35 112 275725
140 19 540497
183 49 510108
98 155 723379
50 28 533995
142 127 62133
188 10 305054
78 62 744498
89 27 538305
179 147 956880
161 25 732205
196 90 837193
70 44 912860
170 89 728863
106 185 924735
91 46 997440
106 175 806781
69 102 165641
124 194 36921
153 78 652462
163 42 726074
72 87 923982
164 77 562738
110 34 193909
200 93 199162
153 90 352547
76 66 859209
31 123 66382
12 131 303389
31 21 299147
106 130 51097
129 91 990667
82 67 871697
195 58 853108
40 80 759210
156 186 379694
50 44 916792
144 129 661644
43 45 157952
46 22 689850
80 53 802627
50 39 399166
179 6 824474
123 2 377404
105 6 438608
93 138 764408
89 9 811892
7 150 273803
85 140 504170
95 193 447285
2 69 510084
190 106 607985
83 54 247490
162 129 848140
87 85 227927
143 46 786218
86 61 483279
78 91 39296
164 150 652692
109 146 508922
184 37 965406
39 79 763865
121 98 683452
30 165 311757
113 128 146159
121 167 785026
178 90 805991
164 84 10377
5 85 451948
153 187 670460
27 146 688650
68 12 91450
39 76 151096
147 114 119810
59 44 574718
91 71 578070
45 163 306680
41 176 945171
54 51 137721
55 113 907621
47 125 458324
91 66 247001
104 153 951333
35 34 82219
152 171 987283
196 55 314162
127 41 981339
98 60 14318
93 186 107128
31 155 707452
17 117 934118
63 3 709285
120 106 312672
14 84 540117
152 77 885314
200 9 678828
96 187 277935
12 96 787139
72 156 194255
30 98 213270
111 16 93593
84 133 11847
194 45 589539
33 90 92349
37 128 447468
98 170 581321
165 60 909389
200 111 354267
29 25 726427
48 128 388215
20 152 30536
18 144 708402
107 160 329505
126 168 527990
85 12 95708
88 20 780204
102 39 396438
116 93 734049
25 49 821960
54 25 69789
168 75 605784
179 30 126201
17 64 406346
47 164 219859
48 170 741786
59 76 427693
46 82 428495
152 198 207464
77 49 935249
22 168 21536
138 94 148859
44 65 52833
184 81 828404
107 57 382669
167 24 103419
52 143 379740
128 122 356434
76 194 627465
184 186 507238
91 127 292147
67 52 773892
8 47 739136
180 97 85784
197 37 230952
70 89 537658
108 145 483827
155 148 323326
198 185 84549
25 45 386703
70 38 694105
11 57 845473
125 188 722971
187 8 807053
105 189 485931
24 48 775889
51 1 469409
152 122 349825
141 87 626382
99 36 874919
124 76 581413
29 136 904853
29 103 230158
125 158 664375
99 7 52216
182 112 38892
138 108 557750
116 3 178858
138 175 207970
98 104 673566
199 48 458520
64 61 330464
135 191 921153
113 53 349670
198 170 570299
124 16 607736
55 179 749287
160 101 913324
83 52 129413
145 100 721465
116 185 241943
32 152 456242
171 157 643611
64 105 593469
72 12 404487
198 134 633822
187 168 582971
127 58 412553
196 56 515886
16 171 484114
159 3 889764
97 112 538603
117 164 623854
41 69 90942
130 1 45769
7 169 355904
177 41 704695
134 166 896737
2 187 177865
39 77 833524
17 187 721071
182 26 138229
66 169 451242
192 82 747939
118 182 840915
94 197 375918
