98 14
11 1 9 11 10 3 8 2 6 5 10 7 2 4 2 1 0 3 7 9 5 1 7 0 9 0 8 10 7 7 9 8 10 6 5 4 9 4 4 10 0 11 6 7 5 1 0 10 2 3 5 10 7 0 6 1 9 7 0 4 10 1 11 0 2 1 2 5 6 1 11 7 4 9 0 0 0 0 0 0 0 0 0 0 1 2 3 4 5 6 7 8 9 10 11 12 13 14
5278959 5448451 8655691 1659576 7551581 5073809 1004965 7458308 8292842 8924241 480727 8248047 5545668 9626564 5227278 8616472 814746 9578628 7496588 2169118 7028816 3266616 3265834 9036995 274854 9921415 3493146 1667168 1115541 1258735 6678727 3446971 7721403 1449154 5748145 866812 319174 3359291 4148525 6425773 4996697 3476188 7363427 2804613 7115870 3542559 8924434 6637829 7279858 2270124 2773342 8534447 167559 7881608 4820786 1663634 1935146 2343762 8281934 7281471 1988548 5877993 9498006 844545 4371829 5075339 1300105 1092734 2430691 7235990 4576460 5683254 1667269 2932075 4730088 8654189 1647880 1497664 1039409 1478658 4544938 9793677 3871471 5088202 8313416 4419498 7766170 8687538 5091032 4062942 4179299 1464166 2663690 7451230 6888275 4608885 8419817 4014888
1 2
2 3
3 4
4 5
5 6
6 7
7 8
8 9
9 10
10 11
11 12
12 13
13 14
14 15
15 16
16 17
17 18
18 19
19 20
20 21
21 22
22 23
23 24
24 25
25 26
26 27
27 28
28 29
29 30
30 31
31 32
32 33
33 34
34 35
35 36
36 37
37 38
38 39
39 40
40 41
41 42
42 43
43 44
44 45
45 46
46 47
47 48
48 49
49 50
50 51
51 52
52 53
53 54
54 55
55 56
56 57
57 58
58 59
59 60
60 61
61 62
62 63
63 64
64 65
65 66
66 67
67 68
68 69
69 70
70 71
71 72
72 73
73 74
74 75
75 76
76 77
77 78
78 79
79 80
80 81
81 82
82 83
83 84
84 85
85 86
86 87
87 88
88 89
89 90
90 91
91 92
92 93
93 94
94 95
95 96
96 97
97 98
