100 14
11 10 10 2 2 8 7 7 8 2 0 0 6 7 6 11 1 11 8 4 3 9 0 8 1 11 1 7 6 4 6 3 9 11 9 7 0 7 5 9 4 4 2 1 7 2 3 0 9 10 11 2 1 9 5 9 3 11 6 0 5 1 6 0 5 8 4 3 8 1 9 4 1 4 2 10 0 0 0 0 0 0 0 0 0 0 1 2 3 4 5 6 7 8 9 10 11 12 13 14
22708 8755685 9693852 4076398 9708105 8773697 7508043 4752187 9675034 5760032 5037184 1602611 4416826 677755 4854499 595252 7833064 7690215 4978583 9409189 2769745 7504945 6244259 9977426 3421319 9168653 5613312 6204643 425545 4013776 6414467 3325448 739459 2708244 2571749 5519939 2812706 9745358 6081289 5246002 7637318 270107 4227090 1048009 5278708 5209346 7293416 4029478 8003525 4210064 733514 1909179 9257044 5446433 1380996 4181059 8368453 8571036 4890134 4237433 7715096 107764 4373319 8455137 1728688 9244859 968122 5646485 2577069 7856150 1409036 4268628 8123434 2532685 838301 8640025 6084929 8844963 6361771 8295420 4865152 1786525 2143994 2720911 1842086 1534577 4116967 9342122 1614068 7854941 9000412 506958 1834489 3805961 6648346 5775727 6214191 2538425 3911129 6470302
1 2
1 3
3 4
1 5
5 6
1 7
4 8
7 9
1 10
4 11
2 12
12 13
2 14
13 15
10 16
5 17
13 18
7 19
2 20
17 21
21 22
20 23
17 24
24 25
5 26
1 27
26 28
27 29
5 30
1 31
27 32
10 33
29 34
15 35
23 36
23 37
28 38
7 39
19 40
12 41
16 42
24 43
10 44
16 45
23 46
30 47
1 48
33 49
18 50
8 51
16 52
38 53
29 54
44 55
12 56
24 57
41 58
34 59
56 60
22 61
26 62
50 63
4 64
38 65
7 66
21 67
11 68
23 69
10 70
2 71
20 72
19 73
25 74
31 75
51 76
76 77
77 78
78 79
79 80
80 81
81 82
82 83
83 84
84 85
85 86
86 87
86 88
86 89
86 90
86 91
86 92
86 93
86 94
86 95
86 96
86 97
86 98
86 99
86 100
