100 14
11 2 8 1 2 0 10 5 1 10 10 7 7 2 0 0 10 8 9 2 6 5 9 5 0 2 0 1 2 9 9 8 3 1 7 2 8 7 3 4 8 5 6 6 2 0 8 2 5 7 5 1 6 8 11 2 7 1 9 1 5 10 4 9 5 1 1 2 2 11 11 1 8 4 3 0 0 0 0 0 0 0 0 0 0 0 1 2 3 4 5 6 7 8 9 10 11 12 13 14
1689605 8770523 7756835 6346204 205100 2263585 9349024 9115020 6555750 979893 3998336 3082365 9366722 7732766 6321280 7154725 766556 3935548 8994549 6194713 4783319 4921562 3576198 1851135 3870780 7086184 1374455 1950643 9572630 7745193 3131788 8870525 4374170 7707257 548163 2471792 4319674 2249474 5598121 5315575 7589489 3726031 155966 4419672 4991417 4735209 3127955 8649454 1823096 3365626 8585980 7811299 9142581 6051238 7984870 4511501 8931114 2845337 3983834 8071306 7460857 6156144 9212494 9753974 8762092 2606945 629028 6519785 2447660 5912735 5006163 2850875 7123740 4338112 9240439 1721400 9531799 5337655 2898528 1792568 382247 7443220 2703520 6614399 7298570 5257947 4526965 9562083 6017386 8449058 9999861 8212451 3092186 3903461 6780880 6458397 1956709 7545509 4727303 8212604
1 2
2 3
2 4
1 5
3 6
3 7
6 8
1 9
6 10
6 11
3 12
12 13
8 14
5 15
11 16
8 17
13 18
9 19
7 20
1 21
16 22
22 23
23 24
9 25
17 26
22 27
12 28
16 29
29 30
23 31
15 32
10 33
11 34
12 35
23 36
35 37
28 38
23 39
33 40
5 41
2 42
25 43
19 44
44 45
21 46
12 47
26 48
17 49
21 50
37 51
11 52
39 53
22 54
31 55
41 56
10 57
47 58
38 59
29 60
30 61
19 62
13 63
14 64
27 65
44 66
32 67
36 68
55 69
61 70
60 71
38 72
55 73
20 74
52 75
65 76
76 77
77 78
78 79
79 80
80 81
81 82
82 83
83 84
84 85
85 86
86 87
86 88
86 89
86 90
86 91
86 92
86 93
86 94
86 95
86 96
86 97
86 98
86 99
86 100
