950 171303005
403159
414234
434053
428032
402095
401106
421698
479827
421456
439878
476249
420979
453112
406686
408458
406266
462817
446266
498863
440978
483071
499226
402801
410489
475804
401743
424675
482285
428300
465850
408906
485201
486159
404282
468685
423874
418195
476630
499189
473691
489091
489365
418575
428393
459646
436242
459409
457900
423324
404690
453469
424427
480388
495739
429740
410386
412844
484961
464352
440163
476067
436196
402608
472445
498349
432160
429471
491681
444206
439679
457158
457061
491766
417311
459425
453483
408129
494725
441141
453052
412148
417688
475872
474108
420020
463441
495501
432931
414328
447700
482162
409191
426035
402603
483799
499356
431998
461847
410109
480609
401310
410748
463524
494241
488280
450306
463729
440997
403065
426011
405376
402068
440819
471592
442164
459446
470229
416753
492922
441649
413265
419240
400015
472077
436898
492965
483585
473950
415189
490792
469108
422852
415025
458901
405416
435349
406305
497886
468644
487598
407613
486735
445103
421098
489602
424631
492202
410952
497382
452522
481097
420900
407587
486459
401298
451476
489634
418277
442434
434472
446930
442759
459680
424300
463796
402212
468649
419063
438014
481651
469346
476255
406140
449835
418728
403720
440824
442552
426713
457265
485653
448780
486661
486580
491199
488302
475642
403030
422561
432113
463320
449864
405991
406059
464364
476114
481173
401407
419512
482133
454251
439029
415959
480705
456727
474711
440585
465199
424813
455511
485204
497781
432458
499777
486973
489861
430704
461800
417696
433315
448992
475970
410827
430446
454048
487948
454874
482398
476237
492371
413587
436315
451080
456425
493456
484992
458992
414218
433358
444119
458446
440635
409814
427981
437949
482802
437184
445871
464031
492697
469395
432016
475096
488205
417201
417703
470273
438377
447599
440907
424285
426155
471929
445551
483795
438271
457303
421115
412614
406139
402467
414270
480009
409841
494867
428599
423189
474660
401109
451796
491677
485251
466697
447645
414976
454780
435361
435862
431638
413469
429848
408747
402745
422362
403878
410299
441919
443872
408923
423262
461292
457162
459670
447522
470925
417696
445400
496576
441994
417821
404978
450700
433532
486121
476941
466011
454999
401507
416348
431029
468223
452105
403947
444226
404705
460221
433043
469651
485655
452803
457804
447671
413266
469874
471532
462949
455672
463262
464761
495668
405661
446049
410922
424850
414683
426324
423133
469000
447389
426298
448478
470917
484989
401453
496304
400957
424312
467786
463623
485750
498422
477158
466536
430650
494699
474595
459327
415812
426856
409308
402451
475028
418646
408912
431716
476438
452207
494293
493576
472499
426488
410166
478867
428608
407681
436959
411212
456856
418401
458191
400908
444455
423673
482837
449250
406336
405156
452810
436039
484516
485606
427955
413968
411199
445367
440471
437294
445847
476304
488053
468454
458166
417943
424094
431117
464701
406114
429456
471772
403575
456520
403612
483322
462234
459694
451274
486958
473458
469158
466437
438068
443734
459320
455403
466242
472934
408644
479191
411087
468732
446239
409469
435063
413594
418401
450172
428972
464494
409705
482327
409024
449283
475179
410066
455787
498649
456393
427183
449338
436932
483840
435093
414767
403405
434698
493801
450874
406279
443601
430354
462429
468535
401654
433880
463127
473980
420130
449044
423653
420425
412463
409281
416516
448317
463156
498327
484173
475240
409644
463316
490662
490354
428266
405468
427072
413698
400355
467364
403167
429889
478614
424898
484801
485092
460884
401171
498137
472215
409812
438543
463424
492942
462507
430421
464395
460076
434658
437735
457081
423324
472317
422133
481985
463508
455079
499149
484407
412028
456053
413208
433822
480904
434421
430585
487743
458146
442168
442834
418252
454210
437407
442885
416760
423216
493200
476992
440715
493598
454025
473261
433314
454443
444412
425626
461114
419609
401048
430179
432804
431734
484703
446764
439953
452449
423055
400116
473866
405485
412133
428259
483983
429380
400965
493349
413242
497507
480630
409096
457234
402105
445394
422301
440330
429417
475207
463856
495291
480650
436595
468411
409507
435153
400412
455509
480035
469395
473649
452677
458866
417955
453250
468597
427277
402143
468347
406496
491211
441954
461927
403155
408875
468148
459185
431846
409342
490562
448450
480836
418062
472447
432196
481194
443629
409477
408424
470589
474203
439991
436624
424779
468089
463452
423557
480154
417540
460023
420175
425323
450881
479902
468161
412496
460402
428182
437605
492822
481821
497330
447382
400438
419083
455839
490926
446824
458992
425177
455797
498523
435374
483330
496166
433906
463985
484546
419847
446278
485538
497666
431290
422873
489533
417107
483418
490318
470835
424953
416757
453243
405803
485693
471964
425670
485802
414444
421283
489721
476704
470961
463816
432583
439513
457346
418977
421369
469031
405235
421189
458035
425948
419417
485410
486216
413762
447632
405403
491495
480281
455246
409664
490877
484977
428868
430220
416301
410512
402904
446132
406926
492398
449904
440836
438521
492276
497737
417663
476400
470158
464935
445153
403818
492706
490816
456143
461941
499365
429556
472956
499590
420458
451315
481042
427293
493981
405479
495331
417024
425810
471285
447890
428840
416670
491171
485132
415830
458775
485126
427140
417175
466141
429151
467420
481458
498200
446284
465079
426929
478117
471016
463953
499879
406939
421552
419603
460376
431102
408023
404461
408177
414833
402175
492069
409743
421651
472640
472832
461605
446633
470767
429300
467358
461388
492946
475458
459654
439002
412745
466524
429790
451143
481137
410409
472356
475877
424123
491068
494096
471858
486728
422757
412603
460864
443151
493637
454458
465118
435822
466726
433552
457903
436344
476994
458156
490253
457575
406444
450670
400037
454008
464145
491010
455973
412200
461687
406610
494937
426834
462571
497101
494980
482896
499001
481041
454799
411857
487218
465592
428279
459779
443600
423440
437055
433267
487757
422985
415438
421203
417455
437295
403058
407218
470076
471313
484266
472078
430009
423992
465628
417601
451355
424069
460035
474847
497163
474396
439785
401773
426889
453095
492967
424316
426097
459099
477133
449207
443238
496242
481258
413681
435141
459400
411550
482428
408437
498026
426093
457404
452947
417625
459137
444255
430670
446952
460355
427033
446392
442107
450103
493565
480821
408795
476863
435964
416480
498179
456628
490026
454189
419061
485929
490671
492158
434883
437345
412487
461690
478361
498631
403095
492927
406567
466941
499621
477180
401741
409585
476156
404367
435104
482633
443132
484763
423329
444861
487429
406649
423155
431564
437004
420587
420936
451357
492145
436564
446824
420109
485156
491078
481648
425242
438849
458523
449644
455547
444866
481517
419580
471461
494433
403170
428895
492881
420608
466392
472964
446578
411282
452510
457730
458360
428526
482945
465634
471967
450269
482471
463755
403898
496410
426529
457108
422020
451823
499952
464573
457373
479103
453763
465686
495680
443782
