100 10
7 4 3 0 4 7 4 6 0 6 1 5 5 6 4 5 1 3 2 1 5 2 0 2 6 5 4 0 6 3 2 4 7 6 3 5 1 3 2 0 5 1 2 1 7 2 5 6 2 3 4 1 5 4 6 3 7 0 3 1 4 0 5 0 5 7 4 1 7 7 4 4 3 7 0 3 1 5 6 4 0 0 0 0 0 0 0 0 0 0 1 2 3 4 5 6 7 8 9 10
8460794 6544842 3315560 5116286 837971 1872000 2028057 390806 4133406 3694219 824959 7313913 6701088 9400589 4656676 7464056 4490988 951672 9853612 7389092 1582590 4939702 9750124 5301558 2278880 6710347 2005328 8369301 9199260 2383273 4559043 8150185 4265115 8526353 4511352 8442105 5010385 1724641 9261725 4672409 4945764 1835655 4421194 9890832 4066901 13081 9810255 1265645 8250482 7339221 879917 4977234 288746 8519565 6334631 1568916 6689834 1947079 697371 4003051 7102176 2524920 8938287 9808837 5005157 4008959 6397996 5307630 9650197 2246266 3699605 4576544 1715910 1357503 6472926 729105 4798355 7680308 8846756 6693806 410 1453517 20424 8386103 1923939 712509 9648981 9068766 3749095 1225913 7732305 6013722 7172713 8163875 4117231 8459372 2007366 8691504 3258580 8902724
1 2
2 3
2 4
1 5
4 6
4 7
3 8
2 9
7 10
2 11
5 12
2 13
12 14
10 15
3 16
12 17
10 18
11 19
7 20
14 21
2 22
21 23
19 24
23 25
19 26
5 27
11 28
4 29
19 30
28 31
5 32
29 33
30 34
23 35
11 36
20 37
1 38
28 39
7 40
23 41
35 42
42 43
16 44
24 45
31 46
39 47
12 48
16 49
3 50
16 51
38 52
22 53
51 54
1 55
2 56
33 57
19 58
24 59
24 60
25 61
29 62
57 63
56 64
49 65
12 66
55 67
48 68
22 69
1 70
17 71
37 72
15 73
59 74
25 75
19 76
61 77
64 78
59 79
34 80
80 81
81 82
82 83
83 84
84 85
85 86
86 87
87 88
88 89
89 90
86 91
86 92
86 93
86 94
86 95
86 96
86 97
86 98
86 99
86 100
